.gW <-
structure(list(InstallRoot = "C:\\Program Files (x86)\\WinEdt Team\\WinEdt", 
    RWinEdtInstalled = TRUE, RWinEdtVersion = 200, ApplData = "C:\\Users\\Laura\\AppData\\Roaming\\WinEdt", 
    WinEdtVersion = 5), .Names = c("InstallRoot", "RWinEdtInstalled", 
"RWinEdtVersion", "ApplData", "WinEdtVersion"))
.Random.seed <-
c(403L, 55L, -913307946L, 41993312L, 1326660831L, -1563768421L, 
1333540185L, 628387659L, -354024130L, 1419632944L, 1673116800L, 
981119453L, -1629475185L, 1183271931L, -939983043L, 522909513L, 
-410624243L, -811050707L, -1908563962L, 437933231L, -782257357L, 
-1549439495L, 30022737L, 290641011L, 1472941921L, 1383065402L, 
752913751L, 1884341160L, -2068765854L, -1270574847L, -288672821L, 
1957932142L, 656084745L, 1738949762L, -2065819015L, 2010103529L, 
-587807334L, 644925636L, 872175464L, 256375027L, -1789552068L, 
292969416L, 381020652L, -1592352815L, -2045933352L, -1227169140L, 
-1051785540L, 1790015018L, 1771203635L, -264953478L, -1942113630L, 
-548616840L, -89254914L, -18605358L, 683541649L, -2087629513L, 
695118109L, 626303715L, -81128512L, 254509116L, -908281797L, 
-557703340L, -1503542730L, -1377269628L, -1987718361L, -1069968573L, 
1062036413L, 1861287463L, -2098218785L, 1807152987L, -761204522L, 
-655843151L, 1659903222L, 706619910L, 1684632894L, -256033604L, 
-151741619L, 2055583538L, -804046347L, -1666683714L, -1999598300L, 
1679924597L, -2068085838L, 157969455L, -942660508L, -1092824558L, 
493243854L, 701264810L, -1438699409L, 564519822L, 1453770223L, 
1370576020L, -1501910329L, -43347511L, 1965545219L, -993911L, 
249377155L, 1720612709L, -1395908273L, -1991551586L, -1220190532L, 
983097451L, -1835537307L, -431008567L, 1737960236L, -400241836L, 
339398932L, -1046724223L, 1515209983L, 1619381243L, -2132498966L, 
928132225L, -795752695L, 1844708807L, -1142511922L, 785842991L, 
488059535L, -849007665L, 738699307L, -1177987360L, -537468259L, 
239088059L, -1473852059L, 602608235L, -273667474L, 2017252685L, 
181147854L, -1367786409L, -767069041L, -1054626182L, -1790637007L, 
806561244L, -703987642L, 451436076L, 1377456138L, 1222254605L, 
-107194991L, -864910405L, -8187708L, 1697858737L, -1356484161L, 
762074090L, 466228341L, 424583823L, -2038980517L, -370989533L, 
-936299272L, 302108956L, -1901314474L, -1844569044L, 229775441L, 
1500296605L, 800776787L, -199645485L, -320480265L, 1851586800L, 
-632462393L, -23862062L, -1804546912L, -696014658L, -1055820974L, 
187840785L, -2000799731L, -643909283L, 1980214117L, -1290810337L, 
-28935160L, -96728556L, 22785843L, -1486685990L, 519269089L, 
1203628256L, 324085568L, 1846970364L, 477625368L, 1769821483L, 
1644474518L, -1292836120L, -414367610L, -1404319040L, 1279205603L, 
-165175793L, -207032917L, 525148469L, -2096652551L, -923399575L, 
-1137142300L, 1712594884L, 1442550715L, -2008881893L, -1649431203L, 
-532464939L, 1339940551L, -2046896812L, -1077985373L, -690876190L, 
-1594613004L, 1559882729L, -515698777L, -505639595L, 733630097L, 
416556664L, 429680024L, -737472641L, 573098275L, 327018350L, 
1200483179L, -309070687L, -454109927L, -2083393216L, -727470842L, 
-1429646716L, -762714712L, -757259462L, 1761591965L, -1914104685L, 
-1455349748L, 455443624L, -894167627L, 1265180478L, -859345589L, 
1036788520L, -1048263329L, -1333491664L, 1223666221L, -1841004629L, 
527197570L, -1217913746L, -868661930L, -197991327L, 1799660011L, 
1216630173L, 1804701921L, 757628575L, -794157913L, 1933739797L, 
-117032307L, -66974441L, 2141027392L, -2084916837L, -519688265L, 
886674794L, -1082637034L, -1281631207L, -2111212544L, -1996443929L, 
71857776L, 741757769L, -613211796L, -1612812372L, 102660998L, 
-1161957778L, -244169654L, -1551054422L, 734311792L, -431299558L, 
-224824555L, -114540257L, -1467470164L, 379831068L, -131406655L, 
1545461289L, 969419731L, 527196643L, -1015043574L, 1310960497L, 
363332619L, 293892060L, -986582326L, -460906186L, 399263858L, 
2048848366L, -1926390950L, -2132904185L, -642320726L, -1874738992L, 
2127301996L, -141886765L, 862831233L, -107266068L, -1593764459L, 
724260400L, 1666501613L, 1207186840L, 943471613L, 1586017327L, 
-1109364758L, -370623952L, -1465460530L, 2144168990L, 1818142061L, 
68951267L, -984463461L, -469718683L, -1633355074L, 147907442L, 
696581850L, -1072345080L, 385526757L, 1232188718L, 1306835984L, 
-812769666L, 1625727752L, -103475219L, 635683433L, 1342963525L, 
1059173832L, -939187322L, -2010448769L, 177595245L, 2106441826L, 
101842941L, -460027998L, 1269085192L, 833075243L, 1954876026L, 
-700442732L, -1652668118L, 2007781629L, -169036707L, -1860764679L, 
1191992211L, 1258475655L, -385663874L, -1592717942L, -347143479L, 
605738602L, -1106381L, 233979904L, -1314034078L, -1914694183L, 
88638063L, -697522399L, -2086543378L, 711528855L, 2129784931L, 
-1924097415L, -596058968L, -587378602L, 1433183193L, -1579366836L, 
1855115862L, 1400890561L, -558925378L, -1171189811L, 2108498545L, 
-1202293895L, 990371791L, -2027220321L, -509033280L, 1874587217L, 
-1882365907L, 306390227L, -167527359L, -1084849105L, -1718479875L, 
-1244055389L, 1860928211L, 1003746211L, -1012057935L, -780781045L, 
231997382L, 1857321648L, -1779128373L, 2058901638L, 398284747L, 
-1043190531L, 1823825452L, -664954978L, -468596052L, 426022717L, 
888587221L, 298461484L, 412767771L, -1321174732L, -1031025979L, 
-931486948L, 2090805070L, -345683786L, -1993173021L, 860105767L, 
-400775087L, -209572641L, 1759866748L, 207867089L, -992724042L, 
-82362384L, 157043949L, -2006037362L, -2070371117L, 1823865650L, 
-471491167L, 2115844837L, 1610391593L, -2121641316L, 1876906537L, 
2020499647L, 1697485795L, -1438721494L, -991852926L, 906951820L, 
-366801942L, 901795380L, -382252708L, 999714284L, -1877332586L, 
-1033139120L, -1454386066L, -2000059720L, 1033918539L, 821400059L, 
1866199624L, -81991247L, -1458274595L, 1100799238L, 1316673067L, 
-231818371L, 388482629L, 1635403425L, 1963475032L, -1950214391L, 
-1733732599L, -546104622L, -1733600877L, 1976937737L, -1237516627L, 
2141538185L, 1342335156L, 936990561L, 142509310L, -755056105L, 
-1714966536L, 1942883143L, -428521467L, 1369222674L, -190984970L, 
-1524161320L, -1702980956L, -758942783L, -1546722006L, -122736119L, 
-1930994071L, -734700222L, 157798959L, 342867745L, 1536511442L, 
787001458L, 823525582L, -1642382440L, -335714122L, 576818813L, 
-332752834L, 1105605339L, -1724772968L, 1480091311L, 1198857156L, 
947932031L, 1603306619L, 1755141966L, -137263091L, 687437074L, 
336926330L, -2014618664L, -423472320L, -557781313L, 1299389906L, 
1402464514L, -1314128182L, -385830177L, 468652472L, 699604787L, 
732242797L, 809480608L, 1260651067L, 1666000825L, -1464230924L, 
-1024122716L, 2054869427L, -888854842L, 1295702742L, 24727358L, 
569540233L, 571922289L, 848551468L, -2028160933L, -1401524675L, 
1633193390L, 233905435L, -1976253661L, -702458006L, -1829357159L, 
449443391L, -636331506L, -1633648251L, -1280352134L, -13475152L, 
484402649L, -794276278L, 1471709567L, 122850210L, 1280551363L, 
-1692504532L, -2144420680L, -1225906982L, 1607109675L, 402706293L, 
2036230577L, 1477677662L, 1257855163L, 1700850346L, -1358482533L, 
364478803L, 1687212149L, 1115180350L, 1377429418L, -679304630L, 
-1401223758L, 1390599622L, 165601681L, -646120184L, 2132702502L, 
148835863L, 1732519542L, -334362072L, -1617366330L, -1661185456L, 
-2079681441L, 1373093751L, 271914136L, 1282477345L, 1399129844L, 
2009297915L, -862667556L, -906310310L, -234119618L, -909265328L, 
1455070191L, 1112187241L, 318473233L, -1141769448L, -403362971L, 
-663468249L, 1597965146L, 582546805L, 161983423L, -1177338468L, 
-2052852226L, -1217860257L, 1259570984L, 375453695L, -272822373L, 
686951384L, -233595773L, 656321978L, 1503558327L, 852979851L, 
-255185701L, -573637717L, -484970509L, 376639752L, -1034179920L, 
-2021072788L, -382991943L, -1302272116L, 629632510L, -2032303234L, 
-318672019L, -1448158168L, -1246603984L, -2146202795L, 960999814L, 
-1509768741L, 1352901306L, -962120449L, -523251665L, 1565741200L, 
394790791L, -558252281L, -300507093L, -1651720394L, 1629170202L, 
